---
BE:
  name: Belait
  names: Belait
  latitude: 4.449758
  longitude: 114.318703
BM:
  name: Brunei-Muara
  names: Brunei-Muara
  latitude: 4.9311206
  longitude: 114.9516869
  min_latitude: 4.7286589
  min_longitude: 114.771896
  max_latitude: 5.045009900000001
  max_longitude: 115.1262673
TE:
  name: Temburong
  names: Temburong
  latitude: 4.6204128
  longitude: 115.141484
  min_latitude: 4.296721
  min_longitude: 115.022453
  max_latitude: 4.9088199
  max_longitude: 115.359444
TU:
  name: Tutong
  names: Tutong
  latitude: 4.7140373
  longitude: 114.6667939
  min_latitude: 4.3042129
  min_longitude: 114.5288525
  max_latitude: 4.9333759
  max_longitude: 114.8825069
