---
BO:
  name: Bonaire
  names: Bonaire
  latitude: 12.1783611
  longitude: -68.2385339
  min_latitude: 12.0245041
  min_longitude: -68.4209633
  max_latitude: 17.6502944
  max_longitude: -62.9457767
SA:
  name: Saba
  names: Saba
  latitude: 17.6354642
  longitude: -63.2326763
  min_latitude: 17.6143287
  min_longitude: -63.2586893
  max_latitude: 17.6502944
  max_longitude: -63.21503169999999
SE:
  name: Sint Eustatius
  names: Sint Eustatius
  latitude: 17.4890306
  longitude: -62.973555
  min_latitude: 17.4645198
  min_longitude: -63.002982
  max_latitude: 17.5258551
  max_longitude: -62.94606899999999
