---
P:
  name: Príncipe
  names: Príncipe
  latitude: 1.6139381
  longitude: 7.4056928
  min_latitude: 1.35852
  min_longitude: 7.2647591
  max_latitude: 1.6929356
  max_longitude: 7.462463499999999
S:
  name: São Tomé
  names: São Tomé
  latitude: 0.3301924
  longitude: 6.733343
  min_latitude: 0.2995513
  min_longitude: 6.7015236
  max_latitude: 0.3843648000000001
  max_longitude: 6.7529951
