---
BIH:
  name: Federacija Bosna i Hercegovina
  names: Federacija Bosna i Hercegovina
  latitude: 43.8874897
  longitude: 17.842793
  min_latitude: 42.6075035
  min_longitude: 15.7237473
  max_latitude: 45.2271323
  max_longitude: 19.0392512
SRP:
  name: Republika Srpska
  names: Republika Srpska
  latitude: 44.7280186
  longitude: 17.3148136
  min_latitude: 42.5561996
  min_longitude: 16.1924385
  max_latitude: 45.2737124
  max_longitude: 19.6256174
