---
E:
  name: Eastern
  names: Eastern
  latitude: 8.247377499999999
  longitude: -10.8903099
  min_latitude: 7.341372000000001
  min_longitude: -11.5805801
  max_latitude: 9.069968
  max_longitude: -10.2842381
N:
  name: Northern
  names: Northern
  latitude: 9.3500888
  longitude: -11.7068294
  min_latitude: 8.241974899999999
  min_longitude: -13.3032624
  max_latitude: 10.0004329
  max_longitude: -10.5848049
S:
  name: Southern
  names: Southern
  latitude: 7.790662499999999
  longitude: -11.8891721
  min_latitude: 6.9296111
  min_longitude: -13.0692559
  max_latitude: 8.507107
  max_longitude: -11.1348019
W:
  name: Western Area (Freetown)
  names: Western Area (Freetown)
  latitude: 8.484444
  longitude: -13.234444
  min_latitude: 8.4091211
  min_longitude: -13.2985468
  max_latitude: 8.4996723
  max_longitude: -13.1487465
