---
HH:
  name: Hhohho
  names: Hhohho
  latitude: -26.1365662
  longitude: 31.3541631
  min_latitude: -26.475104
  min_longitude: 30.908245
  max_latitude: -25.7196479
  max_longitude: 31.760738
LU:
  name: Lubombo
  names:
  - Lebombo
  latitude: -26.7851773
  longitude: 31.8107079
  min_latitude: -27.1706039
  min_longitude: 31.4920601
  max_latitude: -25.93021
  max_longitude: 32.13726
MA:
  name: Manzini
  names: Manzini
  latitude: -26.644588
  longitude: 31.3541631
  min_latitude: -26.8945191
  min_longitude: 30.794107
  max_latitude: -26.1589679
  max_longitude: 31.706045
SH:
  name: Shiselweni
  names: Shiselweni
  latitude: -26.9827577
  longitude: 31.3541631
  min_latitude: -27.317101
  min_longitude: 30.902433
  max_latitude: -26.75172
  max_longitude: 31.980196
